{
 "cells": [
  {
   "cell_type": "code",
   "execution_count": null,
   "id": "3d43fa16-6669-4f95-af09-253d7427e7e1",
   "metadata": {},
   "outputs": [],
   "source": []
  },
  {
   "cell_type": "markdown",
   "id": "32ab22bb",
   "metadata": {},
   "source": [
    "# Лабораторная работа №6\n",
    "\n",
    "Прогнозирование медианной цены недвижимости в Бостоне (`MEDV`) по признакам датасета `boston.csv`.\n",
    "\n",
    "В отчете приведены исходные коды и результаты выполнения всех пунктов задания."
   ]
  },
  {
   "cell_type": "code",
   "execution_count": 10,
   "id": "4d10782f",
   "metadata": {},
   "outputs": [],
   "source": [
    "import warnings\n",
    "warnings.filterwarnings('ignore')\n",
    "\n",
    "import numpy as np\n",
    "import pandas as pd\n",
    "import matplotlib.pyplot as plt\n",
    "import seaborn as sns\n",
    "\n",
    "from sklearn.model_selection import train_test_split\n",
    "from sklearn.linear_model import LinearRegression, Ridge\n",
    "from sklearn.metrics import r2_score, root_mean_squared_error\n",
    "from sklearn.preprocessing import PolynomialFeatures\n",
    "from sklearn.pipeline import Pipeline\n",
    "\n",
    "sns.set_theme(style='whitegrid')\n",
    "plt.rcParams['figure.figsize'] = (10, 6)\n",
    "\n",
    "TARGET = 'MEDV'"
   ]
  },
  {
   "cell_type": "markdown",
   "id": "1f9cef9e",
   "metadata": {},
   "source": [
    "## 1. Загрузка данных"
   ]
  },
  {
   "cell_type": "code",
   "execution_count": 11,
   "id": "cedc230b",
   "metadata": {},
   "outputs": [
    {
     "name": "stdout",
     "output_type": "stream",
     "text": [
      "Форма датасета: (506, 14)\n"
     ]
    },
    {
     "data": {
      "text/html": [
       "<div>\n",
       "<style scoped>\n",
       "    .dataframe tbody tr th:only-of-type {\n",
       "        vertical-align: middle;\n",
       "    }\n",
       "\n",
       "    .dataframe tbody tr th {\n",
       "        vertical-align: top;\n",
       "    }\n",
       "\n",
       "    .dataframe thead th {\n",
       "        text-align: right;\n",
       "    }\n",
       "</style>\n",
       "<table border=\"1\" class=\"dataframe\">\n",
       "  <thead>\n",
       "    <tr style=\"text-align: right;\">\n",
       "      <th></th>\n",
       "      <th>CRIM</th>\n",
       "      <th>ZN</th>\n",
       "      <th>INDUS</th>\n",
       "      <th>CHAS</th>\n",
       "      <th>NOX</th>\n",
       "      <th>RM</th>\n",
       "      <th>AGE</th>\n",
       "      <th>DIS</th>\n",
       "      <th>RAD</th>\n",
       "      <th>TAX</th>\n",
       "      <th>PTRATIO</th>\n",
       "      <th>B</th>\n",
       "      <th>LSTAT</th>\n",
       "      <th>MEDV</th>\n",
       "    </tr>\n",
       "  </thead>\n",
       "  <tbody>\n",
       "    <tr>\n",
       "      <th>0</th>\n",
       "      <td>0.00632</td>\n",
       "      <td>18.0</td>\n",
       "      <td>2.31</td>\n",
       "      <td>0.0</td>\n",
       "      <td>0.538</td>\n",
       "      <td>6.575</td>\n",
       "      <td>65.2</td>\n",
       "      <td>4.0900</td>\n",
       "      <td>1.0</td>\n",
       "      <td>296.0</td>\n",
       "      <td>15.3</td>\n",
       "      <td>396.90</td>\n",
       "      <td>4.98</td>\n",
       "      <td>24.0</td>\n",
       "    </tr>\n",
       "    <tr>\n",
       "      <th>1</th>\n",
       "      <td>0.02731</td>\n",
       "      <td>0.0</td>\n",
       "      <td>7.07</td>\n",
       "      <td>0.0</td>\n",
       "      <td>0.469</td>\n",
       "      <td>6.421</td>\n",
       "      <td>78.9</td>\n",
       "      <td>4.9671</td>\n",
       "      <td>2.0</td>\n",
       "      <td>242.0</td>\n",
       "      <td>17.8</td>\n",
       "      <td>396.90</td>\n",
       "      <td>9.14</td>\n",
       "      <td>21.6</td>\n",
       "    </tr>\n",
       "    <tr>\n",
       "      <th>2</th>\n",
       "      <td>0.02729</td>\n",
       "      <td>0.0</td>\n",
       "      <td>7.07</td>\n",
       "      <td>0.0</td>\n",
       "      <td>0.469</td>\n",
       "      <td>7.185</td>\n",
       "      <td>61.1</td>\n",
       "      <td>4.9671</td>\n",
       "      <td>2.0</td>\n",
       "      <td>242.0</td>\n",
       "      <td>17.8</td>\n",
       "      <td>392.83</td>\n",
       "      <td>4.03</td>\n",
       "      <td>34.7</td>\n",
       "    </tr>\n",
       "    <tr>\n",
       "      <th>3</th>\n",
       "      <td>0.03237</td>\n",
       "      <td>0.0</td>\n",
       "      <td>2.18</td>\n",
       "      <td>0.0</td>\n",
       "      <td>0.458</td>\n",
       "      <td>6.998</td>\n",
       "      <td>45.8</td>\n",
       "      <td>6.0622</td>\n",
       "      <td>3.0</td>\n",
       "      <td>222.0</td>\n",
       "      <td>18.7</td>\n",
       "      <td>394.63</td>\n",
       "      <td>2.94</td>\n",
       "      <td>33.4</td>\n",
       "    </tr>\n",
       "    <tr>\n",
       "      <th>4</th>\n",
       "      <td>0.06905</td>\n",
       "      <td>0.0</td>\n",
       "      <td>2.18</td>\n",
       "      <td>0.0</td>\n",
       "      <td>0.458</td>\n",
       "      <td>7.147</td>\n",
       "      <td>54.2</td>\n",
       "      <td>6.0622</td>\n",
       "      <td>3.0</td>\n",
       "      <td>222.0</td>\n",
       "      <td>18.7</td>\n",
       "      <td>396.90</td>\n",
       "      <td>5.33</td>\n",
       "      <td>36.2</td>\n",
       "    </tr>\n",
       "  </tbody>\n",
       "</table>\n",
       "</div>"
      ],
      "text/plain": [
       "      CRIM    ZN  INDUS  CHAS    NOX     RM   AGE     DIS  RAD    TAX  \\\n",
       "0  0.00632  18.0   2.31   0.0  0.538  6.575  65.2  4.0900  1.0  296.0   \n",
       "1  0.02731   0.0   7.07   0.0  0.469  6.421  78.9  4.9671  2.0  242.0   \n",
       "2  0.02729   0.0   7.07   0.0  0.469  7.185  61.1  4.9671  2.0  242.0   \n",
       "3  0.03237   0.0   2.18   0.0  0.458  6.998  45.8  6.0622  3.0  222.0   \n",
       "4  0.06905   0.0   2.18   0.0  0.458  7.147  54.2  6.0622  3.0  222.0   \n",
       "\n",
       "   PTRATIO       B  LSTAT  MEDV  \n",
       "0     15.3  396.90   4.98  24.0  \n",
       "1     17.8  396.90   9.14  21.6  \n",
       "2     17.8  392.83   4.03  34.7  \n",
       "3     18.7  394.63   2.94  33.4  \n",
       "4     18.7  396.90   5.33  36.2  "
      ]
     },
     "metadata": {},
     "output_type": "display_data"
    }
   ],
   "source": [
    "df = pd.read_csv('boston.csv')\n",
    "print('Форма датасета:', df.shape)\n",
    "display(df.head())"
   ]
  },
  {
   "cell_type": "markdown",
   "id": "2d7a427f",
   "metadata": {},
   "source": [
    "## 2. Проверка типов данных"
   ]
  },
  {
   "cell_type": "code",
   "execution_count": 12,
   "id": "ae20e3f7",
   "metadata": {},
   "outputs": [
    {
     "data": {
      "text/plain": [
       "CRIM       float64\n",
       "ZN         float64\n",
       "INDUS      float64\n",
       "CHAS       float64\n",
       "NOX        float64\n",
       "RM         float64\n",
       "AGE        float64\n",
       "DIS        float64\n",
       "RAD        float64\n",
       "TAX        float64\n",
       "PTRATIO    float64\n",
       "B          float64\n",
       "LSTAT      float64\n",
       "MEDV       float64\n",
       "dtype: object"
      ]
     },
     "metadata": {},
     "output_type": "display_data"
    },
    {
     "name": "stdout",
     "output_type": "stream",
     "text": [
      "\n",
      "Типы после приведения:\n"
     ]
    },
    {
     "data": {
      "text/plain": [
       "CRIM       float64\n",
       "ZN         float64\n",
       "INDUS      float64\n",
       "CHAS       float64\n",
       "NOX        float64\n",
       "RM         float64\n",
       "AGE        float64\n",
       "DIS        float64\n",
       "RAD        float64\n",
       "TAX        float64\n",
       "PTRATIO    float64\n",
       "B          float64\n",
       "LSTAT      float64\n",
       "MEDV       float64\n",
       "dtype: object"
      ]
     },
     "metadata": {},
     "output_type": "display_data"
    }
   ],
   "source": [
    "display(df.dtypes)\n",
    "\n",
    "# На всякий случай приводим все столбцы к числовому типу.\n",
    "for col in df.columns:\n",
    "    df[col] = pd.to_numeric(df[col], errors='coerce')\n",
    "\n",
    "print('\\nТипы после приведения:')\n",
    "display(df.dtypes)"
   ]
  },
  {
   "cell_type": "markdown",
   "id": "858d2178",
   "metadata": {},
   "source": [
    "## 3. Проверка и обработка пропусков"
   ]
  },
  {
   "cell_type": "code",
   "execution_count": 13,
   "id": "68123bfc",
   "metadata": {},
   "outputs": [
    {
     "name": "stdout",
     "output_type": "stream",
     "text": [
      "Пропуски до заполнения:\n"
     ]
    },
    {
     "data": {
      "text/plain": [
       "Series([], dtype: int64)"
      ]
     },
     "metadata": {},
     "output_type": "display_data"
    },
    {
     "name": "stdout",
     "output_type": "stream",
     "text": [
      "Суммарное число пропусков после заполнения: 0\n"
     ]
    }
   ],
   "source": [
    "missing_before = df.isna().sum().sort_values(ascending=False)\n",
    "print('Пропуски до заполнения:')\n",
    "display(missing_before[missing_before > 0])\n",
    "\n",
    "# Заполняем пропуски медианой по столбцу.\n",
    "if df.isna().sum().sum() > 0:\n",
    "    df = df.fillna(df.median(numeric_only=True))\n",
    "\n",
    "missing_after = df.isna().sum().sum()\n",
    "print('Суммарное число пропусков после заполнения:', int(missing_after))"
   ]
  },
  {
   "cell_type": "markdown",
   "id": "1078d685",
   "metadata": {},
   "source": [
    "## 4. Корреляционная матрица"
   ]
  },
  {
   "cell_type": "code",
   "execution_count": 14,
   "id": "97a7008a",
   "metadata": {},
   "outputs": [
    {
     "data": {
      "text/html": [
       "<div>\n",
       "<style scoped>\n",
       "    .dataframe tbody tr th:only-of-type {\n",
       "        vertical-align: middle;\n",
       "    }\n",
       "\n",
       "    .dataframe tbody tr th {\n",
       "        vertical-align: top;\n",
       "    }\n",
       "\n",
       "    .dataframe thead th {\n",
       "        text-align: right;\n",
       "    }\n",
       "</style>\n",
       "<table border=\"1\" class=\"dataframe\">\n",
       "  <thead>\n",
       "    <tr style=\"text-align: right;\">\n",
       "      <th></th>\n",
       "      <th>CRIM</th>\n",
       "      <th>ZN</th>\n",
       "      <th>INDUS</th>\n",
       "      <th>CHAS</th>\n",
       "      <th>NOX</th>\n",
       "      <th>RM</th>\n",
       "      <th>AGE</th>\n",
       "      <th>DIS</th>\n",
       "      <th>RAD</th>\n",
       "      <th>TAX</th>\n",
       "      <th>PTRATIO</th>\n",
       "      <th>B</th>\n",
       "      <th>LSTAT</th>\n",
       "      <th>MEDV</th>\n",
       "    </tr>\n",
       "  </thead>\n",
       "  <tbody>\n",
       "    <tr>\n",
       "      <th>CRIM</th>\n",
       "      <td>1.000</td>\n",
       "      <td>-0.200</td>\n",
       "      <td>0.407</td>\n",
       "      <td>-0.056</td>\n",
       "      <td>0.421</td>\n",
       "      <td>-0.219</td>\n",
       "      <td>0.353</td>\n",
       "      <td>-0.380</td>\n",
       "      <td>0.626</td>\n",
       "      <td>0.583</td>\n",
       "      <td>0.290</td>\n",
       "      <td>-0.385</td>\n",
       "      <td>0.456</td>\n",
       "      <td>-0.388</td>\n",
       "    </tr>\n",
       "    <tr>\n",
       "      <th>ZN</th>\n",
       "      <td>-0.200</td>\n",
       "      <td>1.000</td>\n",
       "      <td>-0.534</td>\n",
       "      <td>-0.043</td>\n",
       "      <td>-0.517</td>\n",
       "      <td>0.312</td>\n",
       "      <td>-0.570</td>\n",
       "      <td>0.664</td>\n",
       "      <td>-0.312</td>\n",
       "      <td>-0.315</td>\n",
       "      <td>-0.392</td>\n",
       "      <td>0.176</td>\n",
       "      <td>-0.413</td>\n",
       "      <td>0.360</td>\n",
       "    </tr>\n",
       "    <tr>\n",
       "      <th>INDUS</th>\n",
       "      <td>0.407</td>\n",
       "      <td>-0.534</td>\n",
       "      <td>1.000</td>\n",
       "      <td>0.063</td>\n",
       "      <td>0.764</td>\n",
       "      <td>-0.392</td>\n",
       "      <td>0.645</td>\n",
       "      <td>-0.708</td>\n",
       "      <td>0.595</td>\n",
       "      <td>0.721</td>\n",
       "      <td>0.383</td>\n",
       "      <td>-0.357</td>\n",
       "      <td>0.604</td>\n",
       "      <td>-0.484</td>\n",
       "    </tr>\n",
       "    <tr>\n",
       "      <th>CHAS</th>\n",
       "      <td>-0.056</td>\n",
       "      <td>-0.043</td>\n",
       "      <td>0.063</td>\n",
       "      <td>1.000</td>\n",
       "      <td>0.091</td>\n",
       "      <td>0.091</td>\n",
       "      <td>0.087</td>\n",
       "      <td>-0.099</td>\n",
       "      <td>-0.007</td>\n",
       "      <td>-0.036</td>\n",
       "      <td>-0.122</td>\n",
       "      <td>0.049</td>\n",
       "      <td>-0.054</td>\n",
       "      <td>0.175</td>\n",
       "    </tr>\n",
       "    <tr>\n",
       "      <th>NOX</th>\n",
       "      <td>0.421</td>\n",
       "      <td>-0.517</td>\n",
       "      <td>0.764</td>\n",
       "      <td>0.091</td>\n",
       "      <td>1.000</td>\n",
       "      <td>-0.302</td>\n",
       "      <td>0.731</td>\n",
       "      <td>-0.769</td>\n",
       "      <td>0.611</td>\n",
       "      <td>0.668</td>\n",
       "      <td>0.189</td>\n",
       "      <td>-0.380</td>\n",
       "      <td>0.591</td>\n",
       "      <td>-0.427</td>\n",
       "    </tr>\n",
       "    <tr>\n",
       "      <th>RM</th>\n",
       "      <td>-0.219</td>\n",
       "      <td>0.312</td>\n",
       "      <td>-0.392</td>\n",
       "      <td>0.091</td>\n",
       "      <td>-0.302</td>\n",
       "      <td>1.000</td>\n",
       "      <td>-0.240</td>\n",
       "      <td>0.205</td>\n",
       "      <td>-0.210</td>\n",
       "      <td>-0.292</td>\n",
       "      <td>-0.356</td>\n",
       "      <td>0.128</td>\n",
       "      <td>-0.614</td>\n",
       "      <td>0.695</td>\n",
       "    </tr>\n",
       "    <tr>\n",
       "      <th>AGE</th>\n",
       "      <td>0.353</td>\n",
       "      <td>-0.570</td>\n",
       "      <td>0.645</td>\n",
       "      <td>0.087</td>\n",
       "      <td>0.731</td>\n",
       "      <td>-0.240</td>\n",
       "      <td>1.000</td>\n",
       "      <td>-0.748</td>\n",
       "      <td>0.456</td>\n",
       "      <td>0.506</td>\n",
       "      <td>0.262</td>\n",
       "      <td>-0.274</td>\n",
       "      <td>0.602</td>\n",
       "      <td>-0.377</td>\n",
       "    </tr>\n",
       "    <tr>\n",
       "      <th>DIS</th>\n",
       "      <td>-0.380</td>\n",
       "      <td>0.664</td>\n",
       "      <td>-0.708</td>\n",
       "      <td>-0.099</td>\n",
       "      <td>-0.769</td>\n",
       "      <td>0.205</td>\n",
       "      <td>-0.748</td>\n",
       "      <td>1.000</td>\n",
       "      <td>-0.495</td>\n",
       "      <td>-0.534</td>\n",
       "      <td>-0.232</td>\n",
       "      <td>0.292</td>\n",
       "      <td>-0.497</td>\n",
       "      <td>0.250</td>\n",
       "    </tr>\n",
       "    <tr>\n",
       "      <th>RAD</th>\n",
       "      <td>0.626</td>\n",
       "      <td>-0.312</td>\n",
       "      <td>0.595</td>\n",
       "      <td>-0.007</td>\n",
       "      <td>0.611</td>\n",
       "      <td>-0.210</td>\n",
       "      <td>0.456</td>\n",
       "      <td>-0.495</td>\n",
       "      <td>1.000</td>\n",
       "      <td>0.910</td>\n",
       "      <td>0.465</td>\n",
       "      <td>-0.444</td>\n",
       "      <td>0.489</td>\n",
       "      <td>-0.382</td>\n",
       "    </tr>\n",
       "    <tr>\n",
       "      <th>TAX</th>\n",
       "      <td>0.583</td>\n",
       "      <td>-0.315</td>\n",
       "      <td>0.721</td>\n",
       "      <td>-0.036</td>\n",
       "      <td>0.668</td>\n",
       "      <td>-0.292</td>\n",
       "      <td>0.506</td>\n",
       "      <td>-0.534</td>\n",
       "      <td>0.910</td>\n",
       "      <td>1.000</td>\n",
       "      <td>0.461</td>\n",
       "      <td>-0.442</td>\n",
       "      <td>0.544</td>\n",
       "      <td>-0.469</td>\n",
       "    </tr>\n",
       "    <tr>\n",
       "      <th>PTRATIO</th>\n",
       "      <td>0.290</td>\n",
       "      <td>-0.392</td>\n",
       "      <td>0.383</td>\n",
       "      <td>-0.122</td>\n",
       "      <td>0.189</td>\n",
       "      <td>-0.356</td>\n",
       "      <td>0.262</td>\n",
       "      <td>-0.232</td>\n",
       "      <td>0.465</td>\n",
       "      <td>0.461</td>\n",
       "      <td>1.000</td>\n",
       "      <td>-0.177</td>\n",
       "      <td>0.374</td>\n",
       "      <td>-0.508</td>\n",
       "    </tr>\n",
       "    <tr>\n",
       "      <th>B</th>\n",
       "      <td>-0.385</td>\n",
       "      <td>0.176</td>\n",
       "      <td>-0.357</td>\n",
       "      <td>0.049</td>\n",
       "      <td>-0.380</td>\n",
       "      <td>0.128</td>\n",
       "      <td>-0.274</td>\n",
       "      <td>0.292</td>\n",
       "      <td>-0.444</td>\n",
       "      <td>-0.442</td>\n",
       "      <td>-0.177</td>\n",
       "      <td>1.000</td>\n",
       "      <td>-0.366</td>\n",
       "      <td>0.333</td>\n",
       "    </tr>\n",
       "    <tr>\n",
       "      <th>LSTAT</th>\n",
       "      <td>0.456</td>\n",
       "      <td>-0.413</td>\n",
       "      <td>0.604</td>\n",
       "      <td>-0.054</td>\n",
       "      <td>0.591</td>\n",
       "      <td>-0.614</td>\n",
       "      <td>0.602</td>\n",
       "      <td>-0.497</td>\n",
       "      <td>0.489</td>\n",
       "      <td>0.544</td>\n",
       "      <td>0.374</td>\n",
       "      <td>-0.366</td>\n",
       "      <td>1.000</td>\n",
       "      <td>-0.738</td>\n",
       "    </tr>\n",
       "    <tr>\n",
       "      <th>MEDV</th>\n",
       "      <td>-0.388</td>\n",
       "      <td>0.360</td>\n",
       "      <td>-0.484</td>\n",
       "      <td>0.175</td>\n",
       "      <td>-0.427</td>\n",
       "      <td>0.695</td>\n",
       "      <td>-0.377</td>\n",
       "      <td>0.250</td>\n",
       "      <td>-0.382</td>\n",
       "      <td>-0.469</td>\n",
       "      <td>-0.508</td>\n",
       "      <td>0.333</td>\n",
       "      <td>-0.738</td>\n",
       "      <td>1.000</td>\n",
       "    </tr>\n",
       "  </tbody>\n",
       "</table>\n",
       "</div>"
      ],
      "text/plain": [
       "          CRIM     ZN  INDUS   CHAS    NOX     RM    AGE    DIS    RAD    TAX  \\\n",
       "CRIM     1.000 -0.200  0.407 -0.056  0.421 -0.219  0.353 -0.380  0.626  0.583   \n",
       "ZN      -0.200  1.000 -0.534 -0.043 -0.517  0.312 -0.570  0.664 -0.312 -0.315   \n",
       "INDUS    0.407 -0.534  1.000  0.063  0.764 -0.392  0.645 -0.708  0.595  0.721   \n",
       "CHAS    -0.056 -0.043  0.063  1.000  0.091  0.091  0.087 -0.099 -0.007 -0.036   \n",
       "NOX      0.421 -0.517  0.764  0.091  1.000 -0.302  0.731 -0.769  0.611  0.668   \n",
       "RM      -0.219  0.312 -0.392  0.091 -0.302  1.000 -0.240  0.205 -0.210 -0.292   \n",
       "AGE      0.353 -0.570  0.645  0.087  0.731 -0.240  1.000 -0.748  0.456  0.506   \n",
       "DIS     -0.380  0.664 -0.708 -0.099 -0.769  0.205 -0.748  1.000 -0.495 -0.534   \n",
       "RAD      0.626 -0.312  0.595 -0.007  0.611 -0.210  0.456 -0.495  1.000  0.910   \n",
       "TAX      0.583 -0.315  0.721 -0.036  0.668 -0.292  0.506 -0.534  0.910  1.000   \n",
       "PTRATIO  0.290 -0.392  0.383 -0.122  0.189 -0.356  0.262 -0.232  0.465  0.461   \n",
       "B       -0.385  0.176 -0.357  0.049 -0.380  0.128 -0.274  0.292 -0.444 -0.442   \n",
       "LSTAT    0.456 -0.413  0.604 -0.054  0.591 -0.614  0.602 -0.497  0.489  0.544   \n",
       "MEDV    -0.388  0.360 -0.484  0.175 -0.427  0.695 -0.377  0.250 -0.382 -0.469   \n",
       "\n",
       "         PTRATIO      B  LSTAT   MEDV  \n",
       "CRIM       0.290 -0.385  0.456 -0.388  \n",
       "ZN        -0.392  0.176 -0.413  0.360  \n",
       "INDUS      0.383 -0.357  0.604 -0.484  \n",
       "CHAS      -0.122  0.049 -0.054  0.175  \n",
       "NOX        0.189 -0.380  0.591 -0.427  \n",
       "RM        -0.356  0.128 -0.614  0.695  \n",
       "AGE        0.262 -0.274  0.602 -0.377  \n",
       "DIS       -0.232  0.292 -0.497  0.250  \n",
       "RAD        0.465 -0.444  0.489 -0.382  \n",
       "TAX        0.461 -0.442  0.544 -0.469  \n",
       "PTRATIO    1.000 -0.177  0.374 -0.508  \n",
       "B         -0.177  1.000 -0.366  0.333  \n",
       "LSTAT      0.374 -0.366  1.000 -0.738  \n",
       "MEDV      -0.508  0.333 -0.738  1.000  "
      ]
     },
     "metadata": {},
     "output_type": "display_data"
    }
   ],
   "source": [
    "corr = df.corr(numeric_only=True)\n",
    "display(corr.round(3))"
   ]
  },
  {
   "cell_type": "markdown",
   "id": "11048fcf",
   "metadata": {},
   "source": [
    "## 5. Heatmap корреляций"
   ]
  },
  {
   "cell_type": "code",
   "execution_count": 15,
   "id": "0bf450c1",
   "metadata": {},
   "outputs": [
    {
     "data": {
